-2.0 -0.9263208218076882
-1.9 -0.9841866054126114
-1.7999999999999998 -1.025849913804594
-1.6999999999999997 -1.0521839511279716
-1.5999999999999996 -1.064061921527081
-1.4999999999999996 -1.0623570291462585
-1.3999999999999995 -1.0479424781298408
-1.2999999999999994 -1.021691472622165
-1.1999999999999993 -0.9844772167675673
-1.0999999999999992 -0.9371729147103847
-0.9999999999999992 -0.8806517705949538
-0.8999999999999992 -0.8157869885656108
-0.7999999999999993 -0.7434517727666925
-0.6999999999999993 -0.6645193273425362
-0.5999999999999993 -0.5798628564374776
-0.49999999999999933 -0.4903555641958539
-0.39999999999999936 -0.39687065476200156
-0.2999999999999994 -0.30028133228025733
-0.19999999999999937 -0.2014608008949577
-0.09999999999999937 -0.10128226475043926
6.38378239159465E-16 -6.18927991038765E-4
0.10000000000000064 0.09965600523890714
0.20000000000000065 0.19866933079506185
0.30000000000000066 0.29554784453308874
0.4000000000000007 0.38941834230865113
0.5000000000000007 0.4794076199774124
0.6000000000000006 0.5646424733950359
0.7000000000000006 0.644249698417185
0.8000000000000006 0.7173560908995232
0.9000000000000006 0.7830884466977137
1.0000000000000007 0.8405735616674199
1.1000000000000008 0.8889382316643051
1.2000000000000008 0.9273092525440328
1.300000000000001 0.9548134201622663
1.400000000000001 0.9705775303746691
1.500000000000001 0.9737283790369042
1.6000000000000012 0.9633927620046351
1.7000000000000013 0.9386974751335253
1.8000000000000014 0.8987693142792381
1.9000000000000015 0.842735075297437
