-0.9000000000000001 0.4401054230725326
-0.8000000000000002 0.4716219464325797
-0.7000000000000002 0.5108002932018572
-0.6000000000000002 0.5574201960336145
-0.5000000000000002 0.6114115675896864
-0.40000000000000024 0.6728545005404939
-0.30000000000000027 0.7419792675650433
-0.20000000000000026 0.8191663213509275
-0.10000000000000026 0.9049462945943249
-2.498001805406602E-16 0.9999999999999998
0.09999999999999976 1.1051584302813025
0.19999999999999976 1.2214027581601696
0.29999999999999977 1.3498643363671228
0.3999999999999998 1.4918246976412701
0.4999999999999998 1.6487155547303054
0.5999999999999998 1.8221188003905087
0.6999999999999997 2.013766507386745
0.7999999999999997 2.225540928492467
0.8999999999999997 2.4594744964897113
