-2.0 0.19866933079506116
-1.9 0.19866933079506116
-1.7999999999999998 0.19866933079506116
-1.6999999999999997 0.19866933079506116
-1.5999999999999996 0.19866933079506116
-1.4999999999999996 0.19866933079506116
-1.3999999999999995 0.19866933079506116
-1.2999999999999994 0.19866933079506116
-1.1999999999999993 0.19866933079506116
-1.0999999999999992 0.19866933079506116
-0.9999999999999992 0.19866933079506116
-0.8999999999999992 0.19866933079506116
-0.7999999999999993 0.19866933079506116
-0.6999999999999993 0.19866933079506116
-0.5999999999999993 0.19866933079506116
-0.49999999999999933 0.19866933079506116
-0.39999999999999936 0.19866933079506116
-0.2999999999999994 0.19866933079506116
-0.19999999999999937 0.19866933079506116
-0.09999999999999937 0.19866933079506116
6.38378239159465E-16 0.19866933079506116
0.10000000000000064 0.19866933079506116
0.20000000000000065 0.19866933079506116
0.30000000000000066 0.19866933079506116
0.4000000000000007 0.19866933079506116
0.5000000000000007 0.19866933079506116
0.6000000000000006 0.19866933079506116
0.7000000000000006 0.19866933079506116
0.8000000000000006 0.19866933079506116
0.9000000000000006 0.19866933079506116
1.0000000000000007 0.19866933079506116
1.1000000000000008 0.19866933079506116
1.2000000000000008 0.19866933079506116
1.300000000000001 0.19866933079506116
1.400000000000001 0.19866933079506116
1.500000000000001 0.19866933079506116
1.6000000000000012 0.19866933079506116
1.7000000000000013 0.19866933079506116
1.8000000000000014 0.19866933079506116
1.9000000000000015 0.19866933079506116
