-0.9000000000000001 0.39463775955831754
-0.8000000000000002 0.4418297061958327
-0.7000000000000002 0.4920783141077686
-0.6000000000000002 0.5462481059448343
-0.5000000000000002 0.6051709078916568
-0.40000000000000024 0.6696624748008424
-0.30000000000000027 0.7405391153270364
-0.20000000000000026 0.8186343170609856
-0.10000000000000026 0.9048153716635969
-2.498001805406602E-16 0.9999999999999998
0.09999999999999976 1.1051729772736056
0.19999999999999976 1.2214027581601696
0.29999999999999977 1.34985810194185
0.3999999999999998 1.4918246976412701
0.4999999999999998 1.648721789155578
0.5999999999999998 1.8221188003905087
0.6999999999999997 2.013751960394442
0.7999999999999997 2.225540928492467
0.8999999999999997 2.459605419420439
