-2.0 -1.8995697958544213
-1.9 -1.8041952900976261
-1.7999999999999998 -1.7088207843408316
-1.6999999999999997 -1.6134462785840369
-1.5999999999999996 -1.5180717728272421
-1.4999999999999996 -1.4226972670704474
-1.3999999999999995 -1.3273227613136527
-1.2999999999999994 -1.231948255556858
-1.1999999999999993 -1.1365737498000632
-1.0999999999999992 -1.0411992440432685
-0.9999999999999992 -0.945824738286474
-0.8999999999999992 -0.8504502325296792
-0.7999999999999993 -0.7550757267728845
-0.6999999999999993 -0.65970122101609
-0.5999999999999993 -0.5643267152592952
-0.49999999999999933 -0.46895220950250066
-0.39999999999999936 -0.37357770374570604
-0.2999999999999994 -0.27820319798891147
-0.19999999999999937 -0.18282869223211684
-0.09999999999999937 -0.08745418647532216
6.38378239159465E-16 0.007920319281472521
0.10000000000000064 0.10329482503826717
0.20000000000000065 0.19866933079506183
0.30000000000000066 0.2940438365518565
0.4000000000000007 0.38941834230865113
0.5000000000000007 0.48479284806544576
0.6000000000000006 0.5801673538222404
0.7000000000000006 0.675541859579035
0.8000000000000006 0.7709163653358297
0.9000000000000006 0.8662908710926243
1.0000000000000007 0.961665376849419
1.1000000000000008 1.0570398826062137
1.2000000000000008 1.1524143883630085
1.300000000000001 1.2477888941198032
1.400000000000001 1.343163399876598
1.500000000000001 1.4385379056333927
1.6000000000000012 1.5339124113901874
1.7000000000000013 1.6292869171469821
1.8000000000000014 1.7246614229037769
1.9000000000000015 1.8200359286605716
