-2.0 -2.924211904049913
-1.9 -2.7415099458900922
-1.7999999999999998 -2.562689207837074
-1.6999999999999997 -2.387749689890857
-1.5999999999999996 -2.2166913920514406
-1.4999999999999996 -2.0495143143188255
-1.3999999999999995 -1.8862184566930111
-1.2999999999999994 -1.7268038191739983
-1.1999999999999993 -1.5712704017617862
-1.0999999999999992 -1.4196182044563757
-0.9999999999999992 -1.2718472272577663
-0.8999999999999992 -1.1279574701659578
-0.7999999999999993 -0.9879489331809503
-0.6999999999999993 -0.8518216163027443
-0.5999999999999993 -0.7195755195313391
-0.49999999999999933 -0.5912106428667352
-0.39999999999999936 -0.46672698630893233
-0.2999999999999994 -0.3461245498579306
-0.19999999999999937 -0.22940333351372996
-0.09999999999999937 -0.11656333727633034
6.38378239159465E-16 -0.007604561145731815
0.10000000000000064 0.09747299487806557
0.20000000000000065 0.19866933079506185
0.30000000000000066 0.2959844466052571
0.4000000000000007 0.38941834230865113
0.5000000000000007 0.47897101790524405
0.6000000000000006 0.5646424733950359
0.7000000000000006 0.6464327087780266
0.8000000000000006 0.7243417240542164
0.9000000000000006 0.7983695192236049
1.0000000000000007 0.8685160942861924
1.1000000000000008 0.9347814492419787
1.2000000000000008 0.997165584090964
1.300000000000001 1.0556684988331482
1.400000000000001 1.1102901934685314
1.500000000000001 1.1610306679971134
1.6000000000000012 1.2078899224188941
1.7000000000000013 1.2508679567338739
1.8000000000000014 1.2899647709420525
1.9000000000000015 1.3251803650434302
