-0.10000000000000009 7.244240518058664
-0.0900000000000001 6.723950178884746
-0.0800000000000001 6.22872472979423
-0.0700000000000001 5.757948305411473
-0.0600000000000001 5.311001044690546
-0.0500000000000001 4.887259589502688
-0.0400000000000001 4.48609758356866
-0.030000000000000096 4.106886171692247
-0.020000000000000094 3.7489944992442554
-0.010000000000000094 3.4117902118444965
-9.367506770274758E-17 3.0946399551970125
0.009999999999999907 2.7969098750223966
0.019999999999999907 2.517966117040818
0.02999999999999991 2.2571753269563093
0.03999999999999991 2.013905150389031
0.04999999999999991 1.7875247327096833
0.059999999999999915 1.5774052187218432
0.06999999999999991 1.38292025214648
0.0799999999999999 1.2034464748542777
0.0899999999999999 1.0383640258004174
0.0999999999999999 0.8870570396082855
0.10999999999999989 0.7489141447533654
0.11999999999999988 0.6233289612993936
0.1299999999999999 0.5097005981329061
0.1399999999999999 0.4074341496515532
0.1499999999999999 0.3159411918522703
0.15999999999999992 0.23464027777073126
0.16999999999999993 0.1629574322255245
0.17999999999999994 0.100326645812443
0.18999999999999995 0.04619036810316057
0.19999999999999996 0.0
0.20999999999999996 0.03878361480830206
0.21999999999999997 0.07068969933146652
0.22999999999999998 0.09623705375799707
0.24 0.11593356697786605
0.25 0.13027572919363517
0.26 0.13974814567524474
0.27 0.14482305170177012
0.28 0.1459598287367747
0.29000000000000004 0.14360452189582373
0.30000000000000004 0.13818935874265748
0.31000000000000005 0.13013226946634315
0.32000000000000006 0.11983640849366761
0.33000000000000007 0.10768967757257553
0.3400000000000001 0.09406425038605004
0.3500000000000001 0.0793160987350161
0.3600000000000001 0.06378452034438986
0.3700000000000001 0.0477916683330748
0.3800000000000001 0.03164208240313826
0.3900000000000001 0.015622221786470991
0.40000000000000013 0.0
0.41000000000000014 0.014975678543360793
0.42000000000000015 0.02907538002278054
0.43000000000000016 0.0420896007524707
0.44000000000000017 0.05382922472818574
0.4500000000000002 0.06412597913924012
0.4600000000000002 0.07283288779413866
0.4700000000000002 0.07982472241319094
0.4800000000000002 0.08499845175535814
0.4900000000000002 0.08827368851382911
0.5000000000000002 0.0895931339556233
0.5100000000000002 0.08892302025304
0.5200000000000002 0.0862535504519979
0.5300000000000002 0.0815993360564482
0.5400000000000003 0.07499983216252559
0.5500000000000003 0.06651977011218335
0.5600000000000003 0.056249587616075125
0.5700000000000003 0.04430585631765016
0.5800000000000003 0.03083170671824842
0.5900000000000003 0.0159972504798489
0.6000000000000003 0.0
0.6100000000000003 0.016934714734961887
0.6200000000000003 0.03455333208390865
0.6300000000000003 0.05257364751376503
0.6400000000000003 0.07068440521396102
0.6500000000000004 0.08854489262855036
0.6600000000000004 0.10578453792819964
0.6700000000000004 0.12200251046423638
0.6800000000000004 0.1367673242613776
0.6900000000000004 0.1496164445585757
0.7000000000000004 0.1600558974679256
0.7100000000000004 0.16755988277383782
0.7200000000000004 0.17157038991355567
0.7300000000000004 0.17149681717787413
0.7400000000000004 0.16671559417535953
0.7500000000000004 0.15656980758449457
0.7600000000000005 0.1403688302559214
0.7700000000000005 0.11738795366311727
0.7800000000000005 0.08686802379032077
0.7900000000000005 0.04801508043161817
0.8000000000000005 5.551115123125783E-13
0.8100000000000005 0.058041858162494187
0.8200000000000005 0.1270110019230275
0.8300000000000005 0.20784415290020508
0.8400000000000005 0.3015145893980886
0.8500000000000005 0.4090324856764749
0.8600000000000005 0.5314452475224662
0.8700000000000006 0.669837844127219
0.8800000000000006 0.8253331361701699
0.8900000000000006 0.9990922001462677
0.9000000000000006 1.192314648850168
0.9100000000000006 1.4062389480157256
0.9200000000000006 1.6421427290702617
0.9300000000000006 1.901343097969188
0.9400000000000006 2.1851969400871196
0.9500000000000006 2.495101221128837
0.9600000000000006 2.8324932840273487
0.9700000000000006 3.198851141817949
0.9800000000000006 3.5956937664261
0.9900000000000007 4.024581373380243
1.0000000000000007 4.487115702384581
1.0100000000000007 4.984940293742968
1.0200000000000007 5.519740760610015
1.0300000000000007 6.093245057023355
1.0400000000000007 6.707223741717616
1.0500000000000007 7.363490237655701
1.0600000000000007 8.063901087297376
1.0700000000000007 8.810356203541314
1.0800000000000007 9.604799116328945
1.0900000000000007 10.44921721490233
