-2.0 -0.8263208218076882
-1.95 -0.8573335982707883
-1.9 -0.8841866054126114
-1.8499999999999999 -0.9069889937512
-1.7999999999999998 -0.925849913804594
-1.7499999999999998 -0.9408785160908374
-1.6999999999999997 -0.9521839511279716
-1.6499999999999997 -0.9598753694340384
-1.5999999999999996 -0.964061921527081
-1.5499999999999996 -0.9648527579251397
-1.4999999999999996 -0.9623570291462585
-1.4499999999999995 -0.9566838857084777
-1.3999999999999995 -0.9479424781298408
-1.3499999999999994 -0.9362419569283892
-1.2999999999999994 -0.9216914726221651
-1.2499999999999993 -0.9044001757292103
-1.1999999999999993 -0.8844772167675673
-1.1499999999999992 -0.8620317462552781
-1.0999999999999992 -0.8371729147103847
-1.0499999999999992 -0.8100098726509292
-0.9999999999999991 -0.7806517705949535
-0.9499999999999991 -0.7492077590605001
-0.899999999999999 -0.7157869885656106
-0.849999999999999 -0.6804986096283274
-0.7999999999999989 -0.6434517727666923
-0.7499999999999989 -0.6047556284987478
-0.6999999999999988 -0.5645193273425357
-0.6499999999999988 -0.5228520198160982
-0.5999999999999988 -0.47986285643747717
-0.5499999999999987 -0.43566098772471484
-0.4999999999999987 -0.3903555641958534
-0.44999999999999873 -0.34405573636893483
-0.39999999999999875 -0.29687065476200114
-0.34999999999999876 -0.2489094698930944
-0.29999999999999877 -0.20028133228025666
-0.24999999999999878 -0.15109539244153022
-0.1999999999999988 -0.10146080089495702
-0.1499999999999988 -0.05148670815857917
-0.0999999999999988 -0.0012822647504386747
-0.049999999999998795 0.049043378811422365
1.2073675392798577E-15 0.09938107200896182
0.05000000000000121 0.14962166432413762
0.10000000000000121 0.1996560052389077
0.15000000000000122 0.24937494423523
0.20000000000000123 0.2986693307950624
0.2500000000000012 0.34743001440036286
0.3000000000000012 0.3955478445330892
0.3500000000000012 0.4429136706751995
0.4000000000000012 0.48941834230865155
0.4500000000000012 0.5349527089154034
0.5000000000000012 0.5794076199774129
0.5500000000000013 0.6226739249766379
0.6000000000000013 0.6646424733950365
0.6500000000000014 0.7052041147145665
0.7000000000000014 0.7442496984171856
0.7500000000000014 0.781670073984852
0.8000000000000015 0.8173560908995238
0.8500000000000015 0.8511985986431584
0.9000000000000016 0.8830884466977141
0.9500000000000016 0.9129164845451488
1.0000000000000016 0.9405735616674203
1.0500000000000016 0.9659505275464867
1.1000000000000016 0.9889382316643056
1.1500000000000017 1.0094275235028352
1.2000000000000017 1.0273092525440333
1.2500000000000018 1.0424742682698578
1.3000000000000018 1.0548134201622668
1.3500000000000019 1.0642175577032178
1.400000000000002 1.0705775303746692
1.450000000000002 1.0737841876585785
1.500000000000002 1.0737283790369043
1.550000000000002 1.0703009539916037
1.600000000000002 1.063392762004635
1.6500000000000021 1.0528946525579563
1.7000000000000022 1.0386974751335252
1.7500000000000022 1.0206920792132996
1.8000000000000023 0.9987693142792378
1.8500000000000023 0.9728200298132973
1.9000000000000024 0.9427350752974363
1.9500000000000024 0.9084053002136123
