-2.0 -1.0263208218076882
-1.95 -1.0573335982707883
-1.9 -1.0841866054126115
-1.8499999999999999 -1.1069889937512
-1.7999999999999998 -1.125849913804594
-1.7499999999999998 -1.1408785160908375
-1.6999999999999997 -1.1521839511279717
-1.6499999999999997 -1.1598753694340385
-1.5999999999999996 -1.164061921527081
-1.5499999999999996 -1.1648527579251398
-1.4999999999999996 -1.1623570291462586
-1.4499999999999995 -1.1566838857084778
-1.3999999999999995 -1.1479424781298408
-1.3499999999999994 -1.1362419569283893
-1.2999999999999994 -1.1216914726221652
-1.2499999999999993 -1.1044001757292103
-1.1999999999999993 -1.0844772167675674
-1.1499999999999992 -1.0620317462552782
-1.0999999999999992 -1.0371729147103848
-1.0499999999999992 -1.0100098726509292
-0.9999999999999991 -0.9806517705949535
-0.9499999999999991 -0.9492077590605
-0.899999999999999 -0.9157869885656106
-0.849999999999999 -0.8804986096283274
-0.7999999999999989 -0.8434517727666923
-0.7499999999999989 -0.8047556284987477
-0.6999999999999988 -0.7645193273425357
-0.6499999999999988 -0.7228520198160981
-0.5999999999999988 -0.6798628564374771
-0.5499999999999987 -0.6356609877247148
-0.4999999999999987 -0.5903555641958533
-0.44999999999999873 -0.5440557363689348
-0.39999999999999875 -0.4968706547620011
-0.34999999999999876 -0.44890946989309444
-0.29999999999999877 -0.40028133228025664
-0.24999999999999878 -0.3510953924415302
-0.1999999999999988 -0.301460800894957
-0.1499999999999988 -0.2514867081585792
-0.0999999999999988 -0.2012822647504387
-0.049999999999998795 -0.15095662118857764
1.2073675392798577E-15 -0.10061892799103819
0.05000000000000121 -0.05037833567586239
0.10000000000000121 -3.4399476109230054E-4
0.15000000000000122 0.04937494423522998
0.20000000000000123 0.0986693307950624
0.2500000000000012 0.14743001440036285
0.3000000000000012 0.19554784453308924
0.3500000000000012 0.2429136706751995
0.4000000000000012 0.2894183423086516
0.4500000000000012 0.3349527089154034
0.5000000000000012 0.3794076199774129
0.5500000000000013 0.4226739249766379
0.6000000000000013 0.4646424733950365
0.6500000000000014 0.5052041147145665
0.7000000000000014 0.5442496984171856
0.7500000000000014 0.581670073984852
0.8000000000000015 0.6173560908995238
0.8500000000000015 0.6511985986431584
0.9000000000000016 0.6830884466977142
0.9500000000000016 0.7129164845451489
1.0000000000000016 0.7405735616674204
1.0500000000000016 0.7659505275464867
1.1000000000000016 0.7889382316643057
1.1500000000000017 0.8094275235028352
1.2000000000000017 0.8273092525440332
1.2500000000000018 0.8424742682698577
1.3000000000000018 0.8548134201622667
1.3500000000000019 0.8642175577032177
1.400000000000002 0.8705775303746692
1.450000000000002 0.8737841876585786
1.500000000000002 0.8737283790369043
1.550000000000002 0.8703009539916037
1.600000000000002 0.863392762004635
1.6500000000000021 0.8528946525579563
1.7000000000000022 0.8386974751335251
1.7500000000000022 0.8206920792132996
1.8000000000000023 0.7987693142792378
1.8500000000000023 0.7728200298132973
1.9000000000000024 0.7427350752974363
1.9500000000000024 0.7084053002136124
